Device: cuda:0

Loading data...
  Total: 1530715 events
Computing stats...
  mean: [14.5146675  4.1389046  3.5124779  0.6254616 25.719784 ]
  std: [ 0.49424252  0.67643714  0.47194037  0.48156124 10.225778  ]

Model params: 4,930

Class weights: gamma=9.95, hadron=0.03

Training...
Epoch  1: loss=0.1241 val_surv@99=0.8154 lr=0.00999
Epoch  2: loss=0.1187 val_surv@99=0.8111 lr=0.00996
Epoch  3: loss=0.1182 val_surv@99=0.8186 lr=0.00991
Epoch  4: loss=0.1180 val_surv@99=0.8202 lr=0.00984
Epoch  5: loss=0.1178 val_surv@99=0.8210 lr=0.00976
Epoch  6: loss=0.1176 val_surv@99=0.8115 lr=0.00965
Epoch  7: loss=0.1177 val_surv@99=0.8146 lr=0.00952
Epoch  8: loss=0.1175 val_surv@99=0.8282 lr=0.00938
Epoch  9: loss=0.1175 val_surv@99=0.8175 lr=0.00922
Epoch 10: loss=0.1175 val_surv@99=0.8122 lr=0.00905
Epoch 11: loss=0.1174 val_surv@99=0.8199 lr=0.00885
Epoch 12: loss=0.1174 val_surv@99=0.8212 lr=0.00864
Epoch 13: loss=0.1174 val_surv@99=0.8264 lr=0.00842
Epoch 14: loss=0.1175 val_surv@99=0.8226 lr=0.00819
Epoch 15: loss=0.1172 val_surv@99=0.8258 lr=0.00794
Epoch 16: loss=0.1171 val_surv@99=0.8188 lr=0.00768
Epoch 17: loss=0.1170 val_surv@99=0.8237 lr=0.00741
Early stop at epoch 17

Evaluating on test set...
Threshold: 0.5666
Test survival @ 99% gamma eff: 0.8107
